317
498
506
509
513
514
515
516
517
518
10476
522
539
836
842
1327
84701
9377
1329
1337
1339
1340
125965
1345
1346
1347
9167
1349
170712
1350
1351
341947
1537
54205
2861
27429
120892
4694
4705
4695
4696
4697
56901
4698
4700
4701
4702
4704
4706
4707
4716
4708
4709
4710
4711
4712
4713
4714
4715
4717
4718
4719
4720
4722
4724
4725
4726
374291
4728
4723
4729
4731
5071
11315
65018
5481
6389
6390
6391
6392
5413
6570
6571
83447
291
292
293
6531
6622
9627
7054
7317
7318
7314
7326
7327
51465
118424
7332
9246
7345
7381
7384
7385
7386
7388
27089
7416
7417
7419